,61,59,50,57,32,56,51,58,60,34,33,20,18,27,9,11,7,29,16,42,45,6,28,17,1,10,19,26,8,21,44,43,36,31,62,54,53,37,39,52,55,46,41,48,24,23,4,15,3,12,49,40,47,2,13,5,14,22,25
61,0.5833333333333334,0.5386029411764706,0.5304659498207885,0.43410852713178294,0.4012820512820513,0.5595238095238095,0.48869552283206896,0.39723320158102765,0.38977272727272727,0.5,0.46153846153846156,0.4847328244274809,0.4965909090909091,0.46875,0.48812351543942994,0.532996632996633,0.49899498573528145,0.4836816570255645,0.4680379746835443,0.44574036511156184,0.4730233251360012,0.49154411764705885,0.5,0.42,0.4,0.4802188552188552,0.4735930735930736,0.34615384615384615,0.4772727272727273,0.4498501498501498,0.48287055047656097,0.49831649831649827,0.5833333333333334,0.4791666666666667,0.5399867080194949,0.47530241935483875,0.4475,0.5098752598752598,0.5090032354405176,0.5067873303167421,0.49558823529411766,0.49920178799489145,0.45949074074074076,0.5044642857142857,0.43333333333333335,0.5178571428571429,0.5465465465465466,0.5112201963534362,0.5045823514008902,0.43347913249498815,0.49889538661468485,0.5134796238244514,0.5678071199299679,0.47139945652173915,0.3235294117647059,0.544507893852872,0.4714285714285714,0.4903014416775885,0.4782608695652174
59,0.46190476190476193,0.9166666666666667,0.548984468339307,0.48283499446290146,0.37435897435897436,0.4642857142857143,0.43775100401606426,0.42193675889328064,0.38977272727272727,0.5,0.5006747638326585,0.5291984732824427,0.6420454545454546,0.4921875,0.4857482185273159,0.4612794612794613,0.49537477306129507,0.4738010822914723,0.49920886075949367,0.5070993914807302,0.4866234443699232,0.5066176470588235,0.4393939393939394,0.38,0.4805555555555555,0.49537037037037035,0.5645021645021645,0.46153846153846156,0.5454545454545454,0.4851148851148851,0.49359317253452634,0.46464646464646464,0.3888888888888889,0.47500000000000003,0.5306823216659282,0.46169354838709675,0.45916666666666667,0.5133056133056133,0.4854965156794425,0.3597285067873303,0.4742647058823529,0.49566684911512493,0.5138888888888888,0.4714285714285715,0.4,0.500615763546798,0.5402402402402402,0.47732585320243104,0.4860659110462724,0.4012210679788591,0.5038011695906432,0.49529780564263326,0.5215932302305223,0.4419836956521739,0.39495798319327735,0.4872774605307357,0.4257799671592775,0.44692005242463956,0.391304347826087
50,0.4773809523809524,0.4632352941176471,0.45054945054945056,0.4593023255813954,0.5128205128205128,0.6493506493506493,0.4962070504239179,0.5069169960474308,0.5852272727272727,0.5,0.5161943319838057,0.4906488549618321,0.3704545454545455,0.4638489906832298,0.4489311163895487,0.45033670033670037,0.4844601020143512,0.4873577159917895,0.4490506329113924,0.42292089249492903,0.49204486176317164,0.4959558823529412,0.45443238353686116,0.54,0.3333333333333333,0.41708754208754206,0.5121212121212121,0.46153846153846156,0.3409090909090909,0.4136863136863137,0.47263421513324255,0.4553872053872054,0.5833333333333334,0.4458333333333333,0.5220425343376163,0.4495967741935484,0.48583333333333334,0.4719334719334719,0.5173158287705326,0.5158371040723982,0.4404411764705882,0.5075031928480205,0.5439814814814814,0.4549107142857143,0.3833333333333333,0.5059523809523809,0.5045045045045045,0.5114539504441328,0.5032544046683873,0.4532531437944232,0.46309291747888237,0.5849529780564263,0.4926685147359206,0.4447010869565218,0.4831932773109243,0.45838931810547534,0.44285714285714284,0.4591087811271298,0.4307971014492754
57,0.5619047619047619,0.7297794117647058,0.5471923536439666,0.4571428571428572,0.6076923076923078,0.5108225108225108,0.5322028856165402,0.5978260869565217,0.5003787878787879,0.48809523809523814,0.4271255060728745,0.5118320610687023,0.6625,0.7021059782608696,0.6294127283151774,0.5422558922558922,0.4678503501340019,0.5442526590781862,0.4424050632911392,0.5086206896551724,0.5309449288322527,0.5290441176470588,0.7135911352329263,0.74,0.6805555555555556,0.49537037037037035,0.4662337662337663,0.5256410256410257,0.5454545454545454,0.6992007992007991,0.47910182843804705,0.6346801346801346,0.3611111111111111,0.6375,0.48238812583074875,0.47631048387096775,0.4575,0.5303187803187803,0.5255599800895968,0.5814479638009049,0.5125,0.5148011311804415,0.5775462962962963,0.5665178571428572,0.6000000000000001,0.5355090311986863,0.5624624624624625,0.5722300140252454,0.5456177757827404,0.6942773829050484,0.5652696556205328,0.5457680250783699,0.4634884738838635,0.5916440217391304,0.6050420168067226,0.501826503191132,0.6939244663382594,0.5823066841415465,0.7431159420289855
32,0.5,0.5,0.5,0.5119047619047619,0.5,0.5,0.4998512568793693,0.5,0.5,0.5,0.5,0.5,0.48863636363636365,0.5,0.5,0.5092592592592593,0.5,0.4989270386266094,0.5,0.5,0.5007824726134585,0.5,0.5,0.54,0.5,0.5088383838383839,0.48744588744588746,0.5,0.5,0.4933066933066933,0.5,0.5,0.5,0.5166666666666667,0.5,0.5,0.5,0.5,0.5,0.5,0.5,0.5,0.48148148148148145,0.5,0.65,0.5,0.49609609609609606,0.4927536231884058,0.5,0.5,0.49473684210526314,0.5,0.5,0.49130434782608695,0.5,0.5,0.5,0.5142857142857142,0.5072463768115942
56,0.46190476190476193,0.48161764705882354,0.519115890083632,0.46982281284606864,0.4025641025641026,0.45,0.5219396102930239,0.42193675889328064,0.39356060606060606,0.503968253968254,0.44129554655870445,0.3814885496183206,0.4352272727272727,0.40828804347826086,0.42161520190023755,0.5141414141414141,0.4905118008126567,0.4731852957641351,0.634493670886076,0.4497971602434077,0.4999254787987182,0.4908088235294118,0.4696969696969697,0.48,0.4305555555555556,0.4848484848484848,0.5558441558441558,0.47435897435897434,0.6590909090909092,0.45714285714285713,0.4627504376580432,0.4217171717171717,0.5277777777777778,0.48750000000000004,0.5229286663712893,0.4949596774193548,0.5616666666666668,0.4854816354816355,0.5102351916376306,0.31221719457013575,0.3683823529411765,0.5015508118956394,0.3900462962962963,0.4660714285714286,0.5666666666666667,0.513136288998358,0.4312312312312312,0.5140252454417953,0.45062282572101897,0.21013304173501002,0.5068551007147498,0.4369905956112853,0.5293259410563175,0.4759510869565218,0.38865546218487396,0.4474722875377897,0.4287356321839081,0.5137614678899083,0.4855072463768116
51,0.5059523809523809,0.5569852941176471,0.45280764635603343,0.4869878183831672,0.5897435897435898,0.5497835497835497,0.4642857142857143,0.5029644268774703,0.4810606060606061,0.6071428571428572,0.49055330634278005,0.6188931297709923,0.5159090909090909,0.5956909937888198,0.6601277745925137,0.5442760942760942,0.5010806604996974,0.4806493748833738,0.5590189873417721,0.5786004056795132,0.500298084805127,0.5073529411764706,0.5502035278154681,0.42000000000000004,0.6388888888888888,0.5185185185185185,0.5116883116883116,0.5512820512820513,0.45454545454545453,0.5762237762237762,0.4952222330285937,0.5454545454545454,0.4444444444444444,0.5375,0.4861541869738591,0.4329637096774194,0.44916666666666666,0.5240471240471241,0.47871453459432556,0.5565610859728507,0.5029411764705882,0.5181764276591863,0.5231481481481481,0.5214285714285715,0.6666666666666667,0.4954844006568144,0.53003003003003,0.4546517064048621,0.5522201024950435,0.6385092035720794,0.5124756335282651,0.48150470219435737,0.48854683396556753,0.5574728260869565,0.5609243697478992,0.5160606315082298,0.5129720853858785,0.5344692005242464,0.5768115942028986
58,0.5119047619047619,0.49264705882352944,0.5077658303464755,0.45071982281284606,0.5974358974358974,0.5562770562770563,0.5224602112152312,0.4375,0.5738636363636364,0.5,0.47773279352226716,0.541412213740458,0.5420454545454545,0.5369759316770186,0.48058809075272335,0.560942760942761,0.49392668799170053,0.5351744728494122,0.5468354430379747,0.6105476673427992,0.49176540725836504,0.4871323529411765,0.4611035730438715,0.45999999999999996,0.3944444444444445,0.4558080808080808,0.47878787878787876,0.7243589743589745,0.43181818181818177,0.43506493506493504,0.5424649873565454,0.4797979797979798,0.6388888888888888,0.625,0.49280017722640673,0.4803427419354839,0.6000000000000001,0.49941094941094943,0.4985316077650572,0.7104072398190044,0.5875,0.5023718299580369,0.49189814814814814,0.5790178571428571,0.3666666666666667,0.5151888341543515,0.5543543543543543,0.5240766713417485,0.4335839598997494,0.4980863860032805,0.5429824561403509,0.49153605015673985,0.5184199007878612,0.5056385869565218,0.5567226890756303,0.44871095062143096,0.5234811165845649,0.40786369593709043,0.4257246376811594
60,0.5297619047619048,0.5183823529411764,0.5101553166069295,0.48588039867109634,0.4025641025641026,0.551948051948052,0.44466755912539047,0.5059288537549407,0.44805194805194803,0.6111111111111112,0.5560053981106613,0.5938931297709924,0.5238636363636364,0.6850737577639752,0.47460889507740195,0.5075757575757576,0.4706276476182243,0.5628288859861914,0.4897151898734177,0.5872210953346856,0.5074893807288173,0.4959558823529412,0.5492989597467209,0.45999999999999996,0.7361111111111112,0.4827441077441078,0.4852813852813853,0.6762820512820513,0.7272727272727273,0.5033966033966034,0.4810712896323672,0.5117845117845118,0.2222222222222222,0.5875,0.5230394328754985,0.4480846774193548,0.495,0.5039154539154539,0.4839721254355401,0.5452488687782806,0.5573529411764706,0.49532475825579275,0.5393518518518519,0.4973214285714285,0.55,0.5129310344827587,0.548948948948949,0.5661524076671341,0.5528747241237422,0.7244395844723893,0.491812865497076,0.5025078369905956,0.5017872775021885,0.5351902173913043,0.680672268907563,0.5120507222035606,0.8167487684729065,0.5487549148099606,0.7945652173913043
34,0.4666666666666667,0.3897058823529412,0.48506571087216244,0.5783499446290145,0.5974358974358974,0.6277056277056277,0.500892458723784,0.5375494071146245,0.5700757575757576,0.5,0.5607287449392713,0.4734732824427481,0.45681818181818185,0.48777173913043476,0.468957326562372,0.543939393939394,0.4931702256419123,0.510421720470237,0.4012658227848101,0.47058823529411764,0.49129964975035395,0.5051470588235294,0.5922659430122117,0.52,0.36944444444444446,0.49284511784511786,0.4974025974025974,0.5160256410256411,0.43181818181818177,0.6221778221778222,0.49031073721065943,0.4730639730639731,0.6666666666666666,0.4583333333333333,0.4617855560478511,0.5509072580645161,0.5775,0.4658177408177408,0.49741786958685913,0.43891402714932126,0.4632352941176471,0.5076400291917533,0.46527777777777773,0.5022321428571428,0.6000000000000001,0.5020525451559934,0.5210210210210211,0.5472183263207107,0.5159353607900348,0.43821760524876985,0.503638726445744,0.5028213166144201,0.5335205719288008,0.4404211956521739,0.6974789915966386,0.4834355055424924,0.6110016420361248,0.5209698558322412,0.31521739130434784
33,0.4773809523809524,0.49816176470588236,0.5232974910394265,0.48588039867109634,0.4512820512820513,0.5032467532467533,0.5316079131340176,0.6136363636363636,0.6113636363636363,0.5119047619047619,0.5,0.5173664122137405,0.5556818181818182,0.5015042701863354,0.5029895978376607,0.5176767676767676,0.5007132359298003,0.49881507743982084,0.5118670886075949,0.5035496957403651,0.5000745212012818,0.5007352941176471,0.5292853912256897,0.32,0.5305555555555556,0.47895622895622897,0.5,0.5032051282051282,0.47727272727272724,0.4048951048951049,0.5051060105037931,0.484006734006734,0.5833333333333334,0.5375,0.4992246344705361,0.49899193548387094,0.4775,0.493000693000693,0.5033723245395719,0.5180995475113122,0.5235294117647059,0.4921319102353585,0.5451388888888888,0.5084821428571429,0.4666666666666667,0.5864121510673235,0.5363363363363363,0.4611968209443665,0.5255863539445629,0.5,0.497270955165692,0.4263322884012539,0.5028815290341406,0.5323369565217391,0.5609243697478992,0.49687185085656704,0.4914614121510673,0.46264744429882043,0.43731884057971016
20,0.5,0.5,0.5,0.5,0.5,0.5,0.5,0.5,0.5,0.5,0.5,0.5,0.5,0.5,0.5,0.5,0.5,0.5,0.5,0.5,0.5,0.5,0.5,0.5,0.5,0.5,0.5,0.5,0.5,0.5,0.5,0.5,0.5,0.5,0.5,0.5,0.5,0.5,0.5,0.5,0.5,0.5,0.5,0.5,0.5,0.5,0.5,0.5,0.5,0.5,0.5,0.5,0.5,0.5,0.5,0.5,0.5,0.5,0.5
18,0.49642857142857144,0.5349264705882353,0.5388291517323776,0.3995016611295681,0.5474358974358975,0.4967532467532467,0.5783876245723636,0.5079051383399209,0.5083333333333333,0.48809523809523814,0.4291497975708502,0.5211832061068702,0.6785714285714286,0.6017080745341615,0.5344418052256532,0.5308080808080808,0.4567087403821215,0.44632394103377493,0.4485759493670886,0.5578093306288032,0.4927528131753484,0.5352941176470588,0.5989371325192221,0.52,0.41666666666666663,0.5614478114478114,0.4619047619047619,0.5480769230769231,0.4318181818181818,0.540959040959041,0.5400943396226415,0.5328282828282829,0.3611111111111111,0.4458333333333333,0.49556933983163487,0.5504032258064516,0.46166666666666667,0.4998960498960499,0.4686411149825784,0.6108597285067874,0.5860294117647059,0.5116082831600073,0.4976851851851852,0.49866071428571423,0.7166666666666667,0.47126436781609193,0.4957957957957958,0.48503973819541846,0.5239778550854749,0.514215418261345,0.5169590643274853,0.5338557993730407,0.44991975488765684,0.5985733695652173,0.7752100840336134,0.5653132348001344,0.5467980295566502,0.5281782437745741,0.5228260869565218
27,0.5678571428571428,0.47610294117647056,0.5728793309438471,0.480343300110742,0.5217948717948718,0.49242424242424243,0.5995835192622341,0.6472332015810276,0.48674242424242425,0.5158730158730158,0.5128205128205128,0.5290076335877862,0.5125,0.49056603773584906,0.5106888361045131,0.48198653198653196,0.4953315466413072,0.5076226908005225,0.5014240506329114,0.5050709939148073,0.5092778895595796,0.5022058823529412,0.5003392130257802,0.7,0.5472222222222222,0.5202020202020202,0.4714285714285714,0.5769230769230769,0.4545454545454546,0.5863136863136863,0.5067715425014588,0.5589225589225589,0.6111111111111112,0.525,0.47374833850243686,0.5670362903225806,0.4708333333333333,0.5017844767844768,0.48868840219014437,0.5995475113122172,0.49558823529411766,0.5005473453749315,0.46527777777777773,0.5017857142857143,0.48333333333333334,0.47023809523809523,0.47807807807807806,0.5219728845254792,0.5126622526465417,0.5104793147439403,0.4996426250812216,0.44921630094043885,0.528596440035016,0.4963994565217391,0.5882352941176471,0.4991392341283171,0.5313628899835796,0.6347313237221495,0.6568840579710145
9,0.5,0.5,0.5,0.5,0.5,0.5,0.5,0.5,0.5,0.5,0.5,0.4961832061068702,0.5,0.5,0.5,0.5,0.5,0.5,0.4936708860759494,0.5,0.5,0.5,0.5,0.5,0.5,0.5,0.5,0.5,0.5227272727272727,0.5,0.5,0.5,0.5,0.5,0.5,0.5,0.5,0.5,0.5,0.5,0.5,0.5,0.5,0.5,0.5,0.5,0.5,0.5,0.5,0.5,0.5,0.5,0.5,0.5,0.5,0.5,0.5,0.5,0.5
11,0.3630952380952381,0.5165441176470589,0.519115890083632,0.43493909191583613,0.4346153846153846,0.5346320346320346,0.46445039416926964,0.4624505928853755,0.4738636363636364,0.35714285714285715,0.33468286099865047,0.4618320610687023,0.5102272727272728,0.48117236024844723,0.42579244819395523,0.4895833333333333,0.4842223567044177,0.4821048703116253,0.43575949367088607,0.4072008113590264,0.49504434011476267,0.5330882352941176,0.4771596562641339,0.4,0.4611111111111111,0.531986531986532,0.4748917748917749,0.46794871794871795,0.47727272727272724,0.4623376623376624,0.484341567788368,0.4873737373737374,0.6944444444444444,0.525,0.4370846256092158,0.33518145161290325,0.49583333333333335,0.49989604989604985,0.512667994026879,0.3597285067873303,0.48897058823529416,0.47929209998175515,0.4837962962962963,0.5125,0.33333333333333337,0.506568144499179,0.5831831831831832,0.4731182795698925,0.4759847379643138,0.4367596136322216,0.5108512020792723,0.5733542319749216,0.5158666472133061,0.48559782608695656,0.4432773109243697,0.5159556600604636,0.4888341543513957,0.4744429882044561,0.4782608695652174
7,0.5511904761904761,0.43566176470588236,0.519115890083632,0.4847729789590255,0.7230769230769231,0.4816017316017316,0.5764539640041648,0.5948616600790514,0.49090909090909096,0.42063492063492064,0.5553306342780027,0.47061068702290076,0.5579545454545455,0.6054444875776397,0.5268654271439103,0.49797979797979797,0.4899253731343283,0.48239410337749583,0.45901898734177216,0.4832657200811359,0.5181272822117893,0.5139705882352941,0.594075079149706,0.56,0.5972222222222222,0.494949494949495,0.5761904761904761,0.5448717948717949,0.5454545454545454,0.505994005994006,0.5234025481423847,0.4705387205387206,0.5555555555555556,0.6375,0.4857111209570226,0.5131048387096775,0.49583333333333335,0.5017151767151767,0.46322175211548033,0.6719457013574661,0.5485294117647058,0.5067049808429118,0.5335648148148149,0.4758928571428572,0.55,0.6221264367816092,0.5408408408408408,0.5084151472650771,0.5150188905098567,0.4693821760524877,0.507050032488629,0.5307210031347962,0.48964108549751967,0.4813179347826087,0.5672268907563025,0.5238285186429291,0.5238095238095238,0.6083879423328964,0.5268115942028986
29,0.5892857142857143,0.4797794117647059,0.5448028673835126,0.5132890365448505,0.4269230769230769,0.37337662337662336,0.5874609549308344,0.4950592885375494,0.43787878787878787,0.4920634920634921,0.4844804318488529,0.5629770992366412,0.4340909090909091,0.5064052795031055,0.5391923990498813,0.4373737373737374,0.473664303622374,0.5,0.4849683544303797,0.5299188640973631,0.4918585587599672,0.5047794117647059,0.4926503844414292,0.56,0.35,0.5576599326599326,0.48658008658008656,0.5769230769230769,0.4772727272727273,0.7020979020979021,0.5162784477728068,0.44107744107744107,0.3055555555555556,0.42916666666666664,0.4632255206025698,0.45564516129032256,0.5,0.5032051282051282,0.4937033349925336,0.42533936651583715,0.4176470588235294,0.49995438788542235,0.48032407407407407,0.48125,0.5333333333333333,0.49404761904761907,0.4615615615615616,0.5792426367461431,0.4618636142595294,0.5475669764898852,0.506367771280052,0.529153605015674,0.510687189962066,0.4927309782608696,0.5168067226890756,0.4123488411152167,0.4942528735632184,0.5583224115334207,0.7260869565217392
16,0.55,0.5533088235294118,0.46774193548387094,0.48726467331118495,0.4012820512820513,0.4783549783549783,0.5123456790123457,0.5009881422924901,0.4901515151515151,0.4841269841269841,0.4885290148448043,0.5059160305343512,0.5113636363636364,0.499902950310559,0.4916864608076009,0.5358585858585858,0.49733076856574737,0.4967251352864341,0.4666666666666667,0.5035496957403651,0.49914300618525975,0.5036764705882353,0.4997738579828132,0.5,0.5305555555555556,0.49242424242424243,0.667965367965368,0.38461538461538464,0.3409090909090909,0.5034965034965035,0.5033189068274655,0.4612794612794613,0.5833333333333334,0.5458333333333334,0.5098582188746124,0.46673387096774194,0.47000000000000003,0.5036555786555786,0.5025821304131408,0.48868778280542985,0.5044117647058823,0.49001094690749863,0.5185185185185185,0.48526785714285714,0.48333333333333334,0.5059523809523809,0.4966966966966967,0.5,0.5681554632850784,0.45443776198286856,0.4920077972709551,0.4617554858934169,0.4920119638167494,0.4766304347826087,0.3235294117647059,0.4960530735639906,0.49441707717569783,0.5045871559633027,0.5177536231884058
42,0.5035714285714286,0.5551470588235294,0.5555555555555556,0.5102436323366556,0.4948717948717949,0.5032467532467533,0.5007437156031533,0.48023715415019763,0.475,0.5873015873015873,0.4757085020242915,0.4906488549618321,0.49886363636363634,0.44992236024844723,0.4833729216152019,0.5627946127946128,0.5010482406847064,0.49666915469303974,0.454746835443038,0.5,0.5000186303003205,0.4970588235294118,0.4772727272727273,0.46,0.475,0.5008417508417509,0.5359307359307359,0.46153846153846156,0.45454545454545453,0.513986013986014,0.4882197043376775,0.5168350168350169,0.3333333333333333,0.5125,0.5163934426229508,0.48336693548387094,0.5275,0.5192134442134443,0.5190579890492782,0.5,0.5654411764705882,0.5035349388797665,0.5509259259259259,0.4982142857142857,0.48333333333333334,0.4827586206896552,0.5816816816816817,0.5056100981767181,0.49844761156622897,0.5581374157098596,0.48310591293047433,0.46990595611285263,0.5207907791070907,0.5261548913043478,0.4117647058823529,0.5004198857910649,0.5172413793103449,0.5045871559633027,0.4960144927536232
45,0.4773809523809524,0.5588235294117647,0.4886499402628435,0.47563676633444074,0.5166666666666667,0.5735930735930735,0.47753978878476866,0.5464426877470356,0.47765151515151516,0.5158730158730159,0.46153846153846156,0.4580152671755725,0.5,0.4858792701863354,0.49348841018920464,0.5452861952861953,0.4917977868072966,0.4933383093860795,0.5242088607594937,0.4482758620689655,0.5030868931666539,0.506985294117647,0.49242424242424243,0.4,0.5333333333333333,0.48526936026936024,0.48225108225108226,0.4230769230769231,0.5227272727272727,0.5206793206793207,0.482590935615639,0.4932659932659933,0.4722222222222222,0.4625,0.5178334071776695,0.514616935483871,0.47833333333333333,0.5044005544005544,0.4990418118466899,0.5384615384615384,0.49411764705882355,0.513752052545156,0.5428240740740741,0.49017857142857146,0.45,0.5,0.3687687687687688,0.5348293595137915,0.5222197284255414,0.5649717514124294,0.5059779077322937,0.48087774294670843,0.5375693025970236,0.5018342391304348,0.47058823529411764,0.49122438696674503,0.5114942528735632,0.5229357798165137,0.45181159420289857
6,0.3940476190476191,0.5091911764705883,0.513142174432497,0.5016611295681063,0.5692307692307692,0.4491341991341991,0.5327234865387476,0.4278656126482213,0.4893939393939394,0.5357142857142857,0.47031039136302294,0.39122137404580154,0.5034090909090909,0.3721370341614907,0.46650012286018505,0.5654882154882155,0.4720325062678309,0.44626796044038064,0.5651898734177215,0.49188640973630826,0.5150719129592369,0.5041330351064864,0.4272953414744459,0.44,0.4361111111111111,0.5042087542087542,0.5515151515151515,0.3621794871794872,0.6136363636363636,0.4006993006993007,0.48470628282435324,0.5353535353535354,0.4722222222222222,0.49166666666666664,0.533119184758529,0.47076612903225806,0.45916666666666667,0.4829175329175329,0.5021839223494275,0.5113122171945701,0.4404411764705882,0.5041278963692757,0.5243055555555556,0.528125,0.5333333333333333,0.4295977011494253,0.4144144144144144,0.4787283777466106,0.5684547188867691,0.4542555130308001,0.5172839506172839,0.48025078369905955,0.43554858476801867,0.5309782608695652,0.5861344537815126,0.5105601276452805,0.4073891625615763,0.5532110091743119,0.44565217391304346
28,0.47619047619047616,0.49816176470588236,0.5053763440860215,0.5102436323366556,0.441025641025641,0.4101731601731602,0.5275174773166741,0.43675889328063244,0.4053030303030303,0.5198412698412699,0.5431848852901484,0.5062977099236641,0.35454545454545455,0.5465353260869565,0.4596609058890982,0.4904040404040404,0.5076186565228668,0.5405112894196679,0.4873417721518987,0.46906693711967545,0.5259706386466949,0.5007352941176471,0.37449392712550605,0.56,0.4388888888888889,0.5244107744107744,0.4961038961038961,0.5480769230769231,0.5,0.49500499500499495,0.51915969655709,0.4284511784511784,0.4444444444444444,0.5375,0.4806158617634027,0.545866935483871,0.5141666666666667,0.4816701316701317,0.4724427575908412,0.4592760180995475,0.5316176470588235,0.45910873928115303,0.4849537037037037,0.4625,0.35,0.4388341543513957,0.45375375375375376,0.5348293595137915,0.44316013915385477,0.4455986878075451,0.47400909681611436,0.5297805642633229,0.463743799241319,0.5167119565217391,0.476890756302521,0.4824907625125966,0.4490968801313629,0.5086500655307995,0.45652173913043476
17,0.29523809523809524,0.5992647058823529,0.48267622461170845,0.5157807308970099,0.6358974358974359,0.4675324675324675,0.5698348951361,0.4644268774703557,0.44053030303030305,0.41269841269841273,0.3906882591093117,0.5293893129770992,0.4125,0.3906735248447205,0.5717093947088213,0.464983164983165,0.46620774617446187,0.45463705915282704,0.42072784810126584,0.4700811359026369,0.5121842164095686,0.4985294117647059,0.44493441881501583,0.4675324675324675,0.6333333333333333,0.5871212121212122,0.5199134199134199,0.5961538461538461,0.4772727272727273,0.6385614385614385,0.47465230499902744,0.32575757575757575,0.4444444444444444,0.55,0.5088613203367303,0.43044354838709675,0.6074999999999999,0.5073458073458074,0.5059233449477352,0.4728506787330317,0.4875,0.4838305053822295,0.5729166666666666,0.48660714285714285,0.5,0.4571018062397373,0.4933933933933934,0.5172978027115475,0.5064714023865634,0.5612356478950247,0.5067576348278102,0.48652037617554855,0.5002918004085206,0.5500679347826087,0.5819327731092437,0.5092794759825328,0.6021346469622332,0.5196592398427261,0.6420289855072464
1,0.38928571428571423,0.4227941176470588,0.5931899641577061,0.5426356589147286,0.308974358974359,0.5075757575757576,0.38249293470177004,0.48814229249011853,0.42386363636363633,0.47619047619047616,0.5607287449392713,0.583587786259542,0.4477272727272727,0.3259413819875776,0.4513883200917356,0.3471380471380471,0.507521397077894,0.4662437021832431,0.5300632911392404,0.48935091277890463,0.4676391683433937,0.46654411764705883,0.3712121212121212,0.46,0.4375,0.4810606060606061,0.5290043290043289,0.3493589743589744,0.5454545454545454,0.46383616383616383,0.48776988912662905,0.44781144781144777,0.41666666666666663,0.49583333333333335,0.48360655737704916,0.42993951612903225,0.5083333333333333,0.5124566874566874,0.5048531607765057,0.42760180995475117,0.3492647058823529,0.5064997263273125,0.41898148148148145,0.47455357142857146,0.35,0.4406814449917898,0.33903903903903904,0.49602618045815805,0.449070437287248,0.47266265718972117,0.4222547108512021,0.4761755485893417,0.509155237817333,0.48288043478260867,0.2184873949579832,0.45845230097413503,0.3116584564860427,0.4885976408912189,0.3688405797101449
10,0.475,0.4724264705882353,0.54778972520908,0.47702104097452935,0.5205128205128204,0.49891774891774887,0.537706381079875,0.45454545454545453,0.4973484848484849,0.4126984126984127,0.4709851551956815,0.3282442748091603,0.5284090909090909,0.3951378105590062,0.32848718158735357,0.4638047138047138,0.49253263594709085,0.4731479753685389,0.3856012658227848,0.4208924949290061,0.5072471868246516,0.5058823529411764,0.35572139303482586,0.48,0.46111111111111114,0.5342105263157895,0.47186147186147187,0.3717948717948718,0.11363636363636363,0.32407592407592406,0.5057503404007002,0.531986531986532,0.4166666666666667,0.45416666666666666,0.5053167922020381,0.5171370967741935,0.5308333333333334,0.49528759528759525,0.5184855649576904,0.414027149321267,0.5102941176470588,0.4855181536216019,0.44328703703703703,0.4674107142857143,0.26666666666666666,0.4757799671592775,0.4723723723723724,0.5315568022440393,0.4957543111510119,0.30262438490978677,0.5546783625730994,0.47210031347962383,0.5044499562299387,0.4529891304347826,0.4810924369747899,0.49009069533087,0.26617405582922826,0.4129750982961992,0.33115942028985507
19,0.4654761904761905,0.3382352941176471,0.546594982078853,0.5415282392026578,0.458974358974359,0.5032467532467533,0.4967276513461253,0.40711462450592883,0.4878787878787879,0.46031746031746035,0.49122807017543857,0.4633587786259542,0.5329545454545455,0.49539013975155277,0.5569252191006634,0.4126262626262626,0.5044090948387654,0.52568576226908,0.5204113924050633,0.5446247464503042,0.49489529771219914,0.4900735294117647,0.39925373134328357,0.52,0.5194444444444445,0.5033670033670035,0.6111111111111112,0.3942307692307692,0.5227272727272727,0.4713286713286713,0.5223813460416261,0.4250841750841751,0.611111111111111,0.4875,0.5025476295968099,0.49143145161290325,0.4816666666666667,0.5014553014553015,0.5154616724738675,0.5316742081447964,0.5286764705882353,0.5300583835066595,0.45949074074074076,0.5165178571428571,0.6833333333333333,0.48686371100164205,0.512012012012012,0.5423094904160823,0.490685669397374,0.5184071441589211,0.47787524366471734,0.5630094043887147,0.5414721330609863,0.4767663043478261,0.3907563025210084,0.5063192811555257,0.5280788177339901,0.5163826998689384,0.5945652173913043
26,0.6023809523809524,0.5257352941176471,0.5770609318996416,0.519656699889258,0.5076923076923077,0.43939393939393934,0.5188160047597798,0.5049407114624506,0.5568181818181819,0.45238095238095233,0.5303643724696356,0.46679389312977093,0.33295454545454545,0.5898194875776397,0.5050372675894832,0.44966329966329965,0.4910845508774963,0.520255644709834,0.45522151898734176,0.5654158215010142,0.5048625083836351,0.48897058823529416,0.4433514246947083,0.5,0.3833333333333333,0.5471380471380471,0.5212121212121212,0.5,0.2727272727272727,0.5445554445554446,0.5200106983077223,0.49326599326599324,0.3333333333333333,0.4625,0.5256978289765175,0.5307459677419355,0.45083333333333336,0.49963617463617466,0.5120084619213539,0.5271493212669683,0.45441176470588235,0.4856777960226236,0.48958333333333337,0.5415178571428572,0.6333333333333333,0.5217569786535303,0.45585585585585586,0.5455820476858345,0.45430741031683686,0.685802806633862,0.5032163742690059,0.5203761755485893,0.45196235774730087,0.49952445652173916,0.32563025210084034,0.47400906953308697,0.5640394088669951,0.5325032765399738,0.55
8,0.5476190476190477,0.5,0.5113500597371565,0.4889258028792912,0.4666666666666667,0.42857142857142855,0.5055778670236502,0.5207509881422925,0.4973484848484849,0.5,0.5,0.5360687022900763,0.5,0.5,0.5,0.4909090909090909,0.5,0.511970516887479,0.4751582278481013,0.47058823529411764,0.5105447499813697,0.5,0.5,0.52,0.525,0.5151515151515151,0.5,0.5,0.7,0.5107892107892108,0.5029055631200156,0.5092592592592593,0.4166666666666667,0.5,0.48770491803278687,0.5161290322580645,0.5525,0.5079348579348579,0.4964099054255849,0.45248868778280543,0.5125,0.5043103448275862,0.5,0.48392857142857143,0.4666666666666667,0.5,0.512012012012012,0.5142589995324919,0.4951370964725246,0.5,0.48512020792722543,0.4827586206896552,0.507185585059819,0.5060461956521739,0.5588235294117647,0.4947724219012429,0.5,0.5,0.5144927536231884
21,0.5,0.5,0.5,0.5,0.5,0.5,0.5,0.5,0.5,0.5,0.5,0.5,0.48863636363636365,0.5,0.501187648456057,0.5,0.4989517593152935,0.5,0.5063291139240507,0.5,0.5,0.5,0.5,0.5,0.5,0.5,0.5,0.5,0.5,0.49,0.5,0.5,0.5,0.5,0.5,0.5,0.5,0.5,0.5,0.5,0.5,0.5,0.5,0.5,0.5,0.5,0.5,0.5,0.5,0.5,0.49473684210526314,0.5,0.5,0.5,0.5,0.5074319785018475,0.5,0.5,0.475
44,0.41428571428571426,0.6672794117647058,0.42054958183990443,0.4343853820598007,0.4756410256410256,0.5595238095238095,0.5027517477316674,0.4654150197628458,0.5458333333333333,0.4722222222222222,0.5067476383265856,0.40057251908396946,0.5795454545454546,0.6304833074534162,0.4122778278319273,0.4777777777777778,0.5010698538947005,0.42593767493935436,0.4393987341772152,0.5907707910750507,0.5352112676056338,0.5327205882352941,0.6152193577566711,0.52,0.6861111111111111,0.41877104377104374,0.4476190476190476,0.28846153846153844,0.4772727272727273,0.4085914085914086,0.49783690244430023,0.5521885521885522,0.4722222222222222,0.47916666666666663,0.49756313690739923,0.5559475806451613,0.5333333333333333,0.5016805266805267,0.498612493777999,0.6085972850678734,0.5088235294117647,0.5366037219485496,0.36689814814814814,0.43794642857142857,0.48333333333333334,0.5020525451559934,0.48048048048048053,0.48761103319308086,0.5411476452324842,0.4679241844359395,0.47556855100714746,0.5376175548589341,0.4983221476510067,0.504008152173913,0.569327731092437,0.4791526704736312,0.5476190476190476,0.4258191349934469,0.4423913043478261
43,0.525,0.5294117647058824,0.42652329749103945,0.49916943521594687,0.5294871794871795,0.524891774891775,0.5502008032128514,0.5464426877470356,0.5,0.6865079365079365,0.5134952766531714,0.5765267175572519,0.4534090909090909,0.5711374223602484,0.6863379474158409,0.5087542087542087,0.5131840580963085,0.5434502705728681,0.4825949367088608,0.5806288032454361,0.4819472389894925,0.5084558823529413,0.6190637720488467,0.44000000000000006,0.5638888888888889,0.5227272727272727,0.5,0.5865384615384616,0.75,0.6753246753246753,0.5111967516047462,0.5176767676767676,0.611111111111111,0.4625,0.49900310146211785,0.4994959677419355,0.48166666666666663,0.5182778932778933,0.48338103534096566,0.5475113122171946,0.5191176470588235,0.486749680715198,0.5092592592592593,0.5098214285714285,0.6166666666666667,0.5810755336617406,0.41081081081081083,0.514726507713885,0.49839150114091196,0.7465828321487151,0.49090318388564,0.5163009404388714,0.5283046396264954,0.567866847826087,0.542016806722689,0.4885791064830366,0.6469622331691297,0.5027522935779817,0.6489130434782608
36,0.6,0.5294117647058824,0.5394265232974911,0.5113510520487264,0.4897435897435897,0.5021645021645021,0.5251375873865833,0.5691699604743083,0.4731060606060606,0.5238095238095238,0.47435897435897434,0.5,0.5,0.46515916149068326,0.5921860922270457,0.49023569023569025,0.45589824500734855,0.4988710580332152,0.4800632911392405,0.5,0.49511886131604443,0.49558823529411766,0.5938489371325193,0.48,0.5277777777777778,0.48190235690235694,0.5545454545454546,0.5,0.5909090909090909,0.6088911088911089,0.4975928807624976,0.49074074074074076,0.5,0.5,0.5289100575985821,0.5151209677419355,0.5208333333333334,0.48399168399168396,0.4883213041314087,0.47058823529411764,0.5147058823529411,0.49712643678160917,0.4791666666666667,0.49776785714285715,0.6000000000000001,0.4936371100164204,0.45705705705705707,0.5371669004207574,0.5469831294654547,0.4951704027701841,0.5056205328135153,0.5,0.5,0.5365489130434783,0.5903361344537815,0.4977955995969096,0.457799671592775,0.5356487549148099,0.5605072463768116
31,0.4988095238095238,0.53125,0.5161290322580645,0.5130121816168327,0.5051282051282051,0.49783549783549785,0.5054291239030195,0.5187747035573123,0.4636363636363636,0.4563492063492064,0.5377867746288798,0.5114503816793893,0.4772727272727273,0.46632375776397517,0.5332541567695962,0.4639730639730639,0.49371055589176105,0.5076786713939168,0.5189873417721519,0.4852941176470588,0.49869587897756906,0.4919117647058824,0.5089326096788783,0.46,0.3611111111111111,0.5189393939393939,0.4640692640692641,0.5769230769230769,0.4772727272727273,0.5075924075924075,0.4978603384555534,0.5185185185185185,0.4166666666666667,0.375,0.48604342046965,0.438508064516129,0.48416666666666663,0.5049376299376299,0.504473618715779,0.4819004524886878,0.4764705882352941,0.5059067688378033,0.5023148148148148,0.49464285714285716,0.65,0.5053366174055829,0.4825825825825826,0.5161290322580645,0.4704298058579284,0.4971751412429379,0.4912930474333983,0.4827586206896552,0.5059089582725416,0.5207880434782608,0.42857142857142855,0.48958683238159223,0.47701149425287354,0.4883355176933159,0.5144927536231884
62,0.4988095238095238,0.53125,0.45579450418160095,0.5124584717607974,0.4717948717948718,0.45021645021645024,0.5143537111408597,0.6739130434782609,0.525,0.5079365079365079,0.4993252361673414,0.4547709923664122,0.4954545454545455,0.5047069099378882,0.5154394299287411,0.4636363636363636,0.5185873605947955,0.5132114200410525,0.36962025316455693,0.5050709939148073,0.5046575750801103,0.5,0.5004522840343736,0.5,0.5194444444444444,0.48737373737373735,0.45714285714285713,0.5,0.4772727272727273,0.5469530469530469,0.50559229721844,0.47895622895622897,0.6111111111111112,0.5083333333333333,0.42105263157894735,0.5005040322580645,0.46,0.4989258489258489,0.49845072175211547,0.38461538461538464,0.5080882352941176,0.49751413975551906,0.5543981481481481,0.5080357142857143,0.5,0.5166256157635468,0.484984984984985,0.5205703599812996,0.5038716193468746,0.4943502824858757,0.4872969460688759,0.538244514106583,0.5033557046979866,0.5138586956521739,0.523109243697479,0.4982574739670809,0.4942528735632184,0.5862385321100918,0.5731884057971015
54,0.6357142857142857,0.5459558823529411,0.4994026284348865,0.5780730897009967,0.6641025641025642,0.3939393939393939,0.556968615201547,0.6215415019762847,0.5806818181818182,0.5,0.6025641025641025,0.5454198473282443,0.4738636363636364,0.5,0.5106888361045131,0.5205387205387205,0.5023450332843433,0.5229240529949618,0.49462025316455693,0.5446247464503042,0.5101721439749609,0.5077205882352941,0.5,0.6200000000000001,0.5722222222222222,0.5408249158249159,0.4883116883116883,0.5,0.38636363636363635,0.5358641358641358,0.5221746741879012,0.5774410774410774,0.4166666666666667,0.675,0.49468320779796193,0.625,0.5641666666666667,0.491961191961192,0.4946366351418616,0.6199095022624435,0.5036764705882353,0.49920178799489145,0.5381944444444444,0.5013392857142857,0.65,0.49938423645320196,0.4636636636636637,0.46657316503038804,0.4903303033703662,0.6471660287953345,0.508187134502924,0.48934169278996864,0.4796833965567552,0.5336956521739131,0.6050420168067226,0.5341157205240175,0.5085385878489327,0.5765399737876802,0.5692028985507246
53,0.4988095238095238,0.47058823529411764,0.5848267622461171,0.5240863787375415,0.5051282051282051,0.49783549783549785,0.5876840696117804,0.4980237154150198,0.5098484848484849,0.4563492063492064,0.5256410256410257,0.5475190839694656,0.43409090909090914,0.4503105590062112,0.5106888361045131,0.4909090909090909,0.5508126566957724,0.5000559805933943,0.40174050632911396,0.47920892494929007,0.4994597212907072,0.49080882352941174,0.48507462686567165,0.6000000000000001,0.4166666666666667,0.5361952861952862,0.4714285714285714,0.5384615384615384,0.4318181818181818,0.5113886113886114,0.4920735265512546,0.5092592592592593,0.6111111111111112,0.48333333333333334,0.47540983606557374,0.4536290322580645,0.4791666666666667,0.5037075537075537,0.5014995022399203,0.4819004524886878,0.48308823529411765,0.5043103448275862,0.5023148148148148,0.5,0.48333333333333334,0.5451559934318555,0.4603603603603604,0.5243104254324451,0.4975685482362623,0.4568069983597594,0.500909681611436,0.4836990595611285,0.5,0.5173233695652174,0.4222689075630252,0.4917492442055761,0.4683087027914614,0.5026212319790302,0.5217391304347826
37,0.525,0.46875,0.5555555555555556,0.5113510520487264,0.5230769230769231,0.5010822510822511,0.5223858396549159,0.4782608695652174,0.5053030303030303,0.5198412698412699,0.51417004048583,0.5507633587786259,0.5227272727272727,0.4873835403726708,0.5285445163404046,0.5272727272727272,0.49917869802022996,0.509656652360515,0.542879746835443,0.5035496957403651,0.5032416722557568,0.4988970588235294,0.4847354138398915,0.48000000000000004,0.45,0.47769360269360267,0.483982683982684,0.46153846153846156,0.4545454545454546,0.4247752247752248,0.5068566426765221,0.5151515151515151,0.5,0.4791666666666667,0.5081967213114754,0.5307459677419355,0.5,0.5071742652163851,0.4974676455948233,0.5475113122171946,0.48970588235294116,0.4964422550629447,0.46875,0.49955357142857143,0.5,0.5238095238095238,0.518918918918919,0.47335203366058903,0.4836905697078517,0.48469108802624383,0.5021767381416504,0.5081504702194357,0.5183834257367961,0.4627038043478261,0.47058823529411764,0.5056684581793752,0.5287356321839081,0.45150720838794234,0.4478260869565217
39,0.45952380952380956,0.6378676470588236,0.5424133811230585,0.47259136212624586,0.5064102564102564,0.5075757575757576,0.5392681838464971,0.5266798418972332,0.48636363636363633,0.4484126984126984,0.5006747638326585,0.49274809160305344,0.47045454545454546,0.5367818322981366,0.5042181996887543,0.5264309764309765,0.473242846027492,0.5049729427131928,0.47436708860759497,0.4934077079107505,0.5005775393099337,0.5169117647058823,0.5286069651741294,0.44,0.6166666666666667,0.4671717171717172,0.5285714285714286,0.5064102564102564,0.4772727272727273,0.4200799200799201,0.4798312585100175,0.5673400673400673,0.4722222222222222,0.5125,0.49789543642002654,0.4480846774193548,0.5141666666666667,0.49636174636174635,0.5181034482758621,0.5271493212669683,0.5448529411764705,0.5060892172961138,0.41782407407407407,0.484375,0.5,0.506568144499179,0.5348348348348348,0.5147265077138851,0.5528373171735308,0.475031893566612,0.4894411955815464,0.5570532915360501,0.505617157864021,0.5340353260869565,0.4894957983193277,0.5504912663755459,0.5374384236453202,0.48964613368283094,0.37681159420289856
52,0.5047619047619047,0.46691176470588236,0.5029868578255675,0.4864341085271318,0.617948717948718,0.45670995670995673,0.5687936932916853,0.5464426877470356,0.4625,0.4920634920634921,0.5823211875843455,0.4452290076335878,0.4977272727272727,0.5393536490683231,0.6316651650421821,0.5634680134680135,0.49518025417134953,0.5029483112520993,0.521993670886076,0.5425963488843814,0.5163946642819882,0.5029411764705882,0.45827679782903663,0.45999999999999996,0.5555555555555556,0.4869528619528619,0.5662337662337662,0.5,0.6590909090909092,0.6126873126873127,0.498249367827271,0.46885521885521886,0.5,0.6875,0.48260965883916707,0.5776209677419355,0.49583333333333335,0.511018711018711,0.5216401194624192,0.5,0.538235294117647,0.49491424922459404,0.5717592592592593,0.4772321428571428,0.8,0.5839490968801314,0.49519519519519517,0.5168302945301543,0.5256424643698799,0.5383634044104246,0.499090318388564,0.48714733542319744,0.5383717537204552,0.49490489130434784,0.7205882352941176,0.5152418542156534,0.699343185550082,0.6032765399737876,0.5648550724637682
55,0.5047619047619047,0.43566176470588236,0.472520908004779,0.41500553709856036,0.46794871794871795,0.524891774891775,0.5085527294362636,0.5711462450592886,0.49886363636363634,0.623015873015873,0.48717948717948717,0.5028625954198473,0.5227272727272727,0.5044157608695652,0.5018019493816037,0.49831649831649827,0.48974453185787153,0.4738010822914723,0.5310126582278482,0.5010141987829615,0.5092592592592592,0.5,0.4756897331524197,0.36,0.4777777777777778,0.4797979797979798,0.6069264069264069,0.5032051282051282,0.4318181818181818,0.4889110889110889,0.4947116319782144,0.4713804713804714,0.5277777777777778,0.4875,0.5474080638015064,0.5126008064516129,0.47583333333333333,0.5220720720720721,0.4849054255848681,0.5361990950226244,0.4084967320261438,0.49582649151614666,0.5092592592592593,0.4763392857142857,0.31666666666666665,0.4893267651888341,0.45855855855855854,0.5063113604488079,0.5068454718886769,0.514579916165482,0.4704028589993502,0.4617554858934169,0.5257513860519405,0.4889266304347826,0.33613445378151263,0.5339477662075915,0.46288998357963873,0.4855832241153342,0.45652173913043476
46,0.47619047619047616,0.5294117647058824,0.49581839904420544,0.49916943521594687,0.55,0.525974025974026,0.5223858396549159,0.45750988142292487,0.5026515151515152,0.47619047619047616,0.51417004048583,0.441412213740458,0.5931818181818183,0.5198466614906833,0.4833729216152019,0.5272727272727272,0.49756851387568085,0.4999440194066057,0.5406645569620253,0.4974645030425964,0.5004098666070498,0.4970588235294118,0.49095431931252825,0.42,0.5333333333333333,0.44907407407407407,0.5134199134199134,0.4230769230769231,0.5681818181818181,0.4816183816183816,0.4903228943785256,0.4898989898989899,0.4722222222222222,0.49583333333333335,0.5014399645547186,0.515625,0.5083333333333333,0.5002772002772002,0.5051393728222996,0.4796380090497737,0.4647058823529412,0.478921568627451,0.5162037037037037,0.4870535714285715,0.5,0.5238095238095238,0.4657657657657658,0.5224403927068724,0.5147009314330603,0.4979952615272462,0.4849252761533463,0.44545454545454544,0.5116720163408229,0.5078804347826087,0.4474789915966386,0.48555592878736986,0.4972085385878489,0.5019659239842726,0.44528985507246377
41,0.5011904761904762,0.5,0.5,0.5343300110741971,0.5,0.5010822510822511,0.5,0.4782608695652174,0.4875,0.5,0.46153846153846156,0.48854961832061067,0.5,0.4780667701863354,0.4833729216152019,0.480976430976431,0.5,0.49452323194625863,0.4868670886075949,0.5121703853955375,0.48265519040166927,0.5066176470588235,0.48484848484848486,0.5,0.45,0.48190235690235694,0.5324675324675324,0.5,0.5,0.5,0.49290021396615447,0.4781144781144781,0.5,0.5,0.48260965883916707,0.515625,0.5075,0.49896049896049893,0.5056806869089099,0.45022624434389136,0.4125,0.5113346104725415,0.5,0.490625,0.5333333333333333,0.4827586206896552,0.46336336336336337,0.5072463768115942,0.5012157258818688,0.47056679424093306,0.5012670565302144,0.4990595611285266,0.4920119638167494,0.500883152173913,0.4411764705882353,0.4855769230769231,0.5114942528735632,0.5,0.4927536231884058
48,0.5785714285714285,0.36764705882352944,0.4038231780167264,0.5210409745293466,0.4243589743589744,0.606060606060606,0.597798601814666,0.48616600790513836,0.5488636363636363,0.46031746031746035,0.46288798920377866,0.5744274809160306,0.5068181818181818,0.4904891304347826,0.46142190187566545,0.543939393939394,0.5084291518976398,0.4910244448591155,0.5248417721518988,0.4432048681541582,0.4990125940830166,0.5,0.5591361374943464,0.33999999999999997,0.5555555555555556,0.4452861952861953,0.5285714285714286,0.46153846153846156,0.45454545454545453,0.39110889110889113,0.49033505154639173,0.5462962962962963,0.3055555555555555,0.4375,0.4839388568896765,0.4480846774193548,0.47583333333333333,0.48232848232848236,0.5043305126928821,0.4298642533936652,0.5514705882352942,0.5099434409779238,0.5752314814814814,0.46442307692307694,0.44999999999999996,0.5178571428571429,0.5552552552552552,0.5095839177185602,0.5405678375042082,0.5803717878622198,0.47365172189733595,0.5053291536050156,0.5084986868981617,0.4732336956521739,0.5126050420168067,0.5016165602955995,0.5088669950738917,0.47365661861074704,0.32717391304347826
24,0.5238095238095238,0.38235294117647056,0.48148148148148145,0.4426910299003322,0.5384615384615384,0.5194805194805194,0.4935296742525658,0.47430830039525695,0.5098484848484849,0.5436507936507936,0.5256410256410257,0.5114503816793893,0.4318181818181818,0.41163625776397517,0.4892702105004505,0.49107744107744106,0.5026692314342526,0.48819742489270385,0.538132911392405,0.5172413793103449,0.5055518294954915,0.4974264705882353,0.48507462686567165,0.52,0.5,0.48442760942760943,0.5,0.5,0.5454545454545454,0.493006993006993,0.5018357323477922,0.5033670033670034,0.4722222222222222,0.4875,0.47518830305715554,0.4848790322580645,0.5058333333333334,0.5006583506583506,0.507105525136884,0.5294117647058824,0.5,0.5028735632183908,0.48148148148148145,0.4758928571428572,0.4,0.4880952380952381,0.4936936936936937,0.4890135577372604,0.44787341488048477,0.5455622380171314,0.5067251461988304,0.5009404388714733,0.5079880361832506,0.4547554347826087,0.48739495798319327,0.4078770574403762,0.474055829228243,0.5296199213630406,0.5072463768115942
23,0.425,0.4742647058823529,0.5412186379928315,0.512735326688815,0.4935897435897436,0.44805194805194803,0.6145322028856166,0.5405138339920948,0.525,0.5,0.4865047233468286,0.5301526717557252,0.44886363636363635,0.5063082298136645,0.5130641330166271,0.46414141414141413,0.48918258839802886,0.5022019033401754,0.5397151898734177,0.5197768762677485,0.4924919889708622,0.5011029411764706,0.5002261420171868,0.6200000000000001,0.4444444444444444,0.5151515151515151,0.4536796536796537,0.5384615384615384,0.4545454545454546,0.5539460539460539,0.49122252480062245,0.5033670033670034,0.5555555555555556,0.5,0.4819450598139123,0.4692540322580645,0.505,0.5145530145530146,0.5040069686411149,0.414027149321267,0.5080882352941176,0.5039454479109651,0.53125,0.50625,0.5666666666666667,0.5,0.3588588588588589,0.5142589995324919,0.46655818651105374,0.532258064516129,0.5058154645873945,0.5100313479623825,0.502553253574555,0.5432744565217391,0.5588235294117647,0.48782331205911994,0.5371100164203613,0.5020969855832241,0.5144927536231884
4,0.4452380952380952,0.5018382352941176,0.508363201911589,0.5736434108527132,0.40384615384615385,0.4015151515151515,0.5306410828499182,0.4515810276679842,0.38863636363636367,0.5357142857142857,0.562753036437247,0.4998091603053435,0.4840909090909091,0.5453707298136645,0.5314522073879925,0.5109427609427609,0.4869996541886401,0.5471916402313864,0.5085443037974684,0.36663286004056794,0.4996832848945525,0.5128676470588235,0.6139755766621438,0.48,0.46111111111111114,0.4793771043771044,0.5,0.4967948717948718,0.6136363636363636,0.5330669330669331,0.4653642287492706,0.5345117845117845,0.4166666666666667,0.475,0.5533894550287993,0.502016129032258,0.49416666666666664,0.5239431739431739,0.5200099552015929,0.5588235294117647,0.5477941176470589,0.4869321291735085,0.556712962962963,0.5142857142857143,0.4833333333333333,0.4755747126436781,0.7280701754385965,0.5327255726975222,0.5302435192458759,0.5713504647348278,0.49113060428849903,0.5746081504702194,0.5292165159031224,0.5717391304347825,0.5525210084033614,0.5053325495465233,0.5513957307060755,0.4849279161205766,0.7945652173913043
15,0.4857142857142857,0.5441176470588236,0.5310633213859021,0.5168881506090809,0.29743589743589743,0.5833333333333333,0.4097129257771828,0.3557312252964427,0.41666666666666663,0.5396825396825397,0.4649122807017544,0.5064885496183206,0.5806818181818182,0.4155667701863354,0.47624703087885983,0.5424242424242424,0.4551742024725512,0.45748273931703676,0.532753164556962,0.5005070993914807,0.47188687681645425,0.4948529411764706,0.45431931252826774,0.3,0.4888888888888889,0.4158249158249158,0.5017316017316017,0.34615384615384615,0.6363636363636364,0.36003996003996,0.4539364909550671,0.5067340067340067,0.4722222222222222,0.39999999999999997,0.4997784669915818,0.3654233870967742,0.4358333333333333,0.4887733887733888,0.4829454952712792,0.42760180995475117,0.48161764705882354,0.5155081189563948,0.3923611111111111,0.4263392857142857,0.43333333333333335,0.5059523809523809,0.4891891891891892,0.5151515151515151,0.5191149515579995,0.385912156005103,0.46855100714749837,0.4579937304075235,0.5689378465129851,0.4368885869565218,0.24159663865546216,0.47890073899899227,0.4144499178981938,0.37234600262123196,0.3036231884057971
3,0.44880952380952377,0.4117647058823529,0.5340501792114696,0.4543189368770764,0.4884615384615385,0.5216450216450216,0.4752342704149933,0.5187747035573123,0.5143939393939394,0.30952380952380953,0.4581646423751687,0.5095419847328244,0.5261363636363636,0.4417701863354037,0.5378409370136784,0.5279461279461279,0.5072188121379787,0.4203116253032282,0.4512658227848101,0.5385395537525355,0.5186489306207616,0.49816176470588236,0.4727498869289914,0.54,0.5944444444444444,0.46296296296296297,0.6813852813852814,0.532051282051282,0.25,0.5148851148851149,0.49310688581987944,0.4671717171717172,0.6111111111111112,0.5041666666666667,0.5157288435976961,0.453125,0.5108333333333334,0.5126819126819127,0.4809668989547038,0.4230769230769231,0.4661764705882353,0.4945037401933954,0.4513888888888889,0.5089285714285714,0.43333333333333335,0.4552545155993432,0.5399399399399399,0.47685834502103785,0.5119047619047619,0.4292874065974121,0.50909681611436,0.5037617554858934,0.4654581266413773,0.4807065217391304,0.5462184873949579,0.4712168290225059,0.3986863711001642,0.4950196592398427,0.6905797101449276
12,0.5,0.5,0.5,0.5,0.48333333333333334,0.5,0.5,0.5,0.5,0.5,0.5,0.5,0.46704545454545454,0.4968944099378882,0.5,0.5,0.5,0.5,0.5,0.5,0.5,0.5,0.5,0.5,0.5,0.5,0.5,0.5,0.5,0.5,0.5,0.5,0.5,0.5,0.5,0.5,0.5,0.4980769230769231,0.5,0.5,0.5,0.5,0.5,0.5,0.5166666666666667,0.5,0.4888888888888889,0.5,0.5050312348034265,0.5,0.5030864197530864,0.5,0.5,0.5034646739130435,0.5294117647058824,0.5,0.5,0.5,0.5
49,0.47619047619047616,0.5275735294117647,0.516726403823178,0.47619047619047616,0.5166666666666667,0.5497835497835497,0.5330953443403242,0.5237154150197628,0.5204545454545454,0.6309523809523809,0.5263157894736842,0.5059160305343512,0.40909090909090906,0.5029114906832298,0.5464411499713326,0.5363636363636364,0.4951370277513616,0.5094327299869379,0.4607594936708861,0.4949290060851927,0.4990312243833371,0.5014705882352941,0.5298507462686567,0.6000000000000001,0.6111111111111112,0.4911616161616162,0.5,0.46153846153846156,0.47727272727272724,0.45534465534465535,0.5143454580820852,0.5235690235690236,0.5833333333333334,0.5916666666666667,0.47441293752769165,0.515625,0.48250000000000004,0.49014206514206515,0.48888750622200094,0.4411764705882353,0.475,0.48948640758985584,0.46875,0.503125,0.4666666666666667,0.5119047619047619,0.5174174174174174,0.5292192613370734,0.5359293756780009,0.5536723163841808,0.5205405405405406,0.4899686520376175,0.5062372337321273,0.5305027173913044,0.5483193277310924,0.5357742693987235,0.5259441707717569,0.4677588466579292,0.49782608695652175
40,0.4523809523809524,0.5,0.502389486260454,0.4997231450719823,0.47307692307692306,0.5,0.49501710545887256,0.5454545454545454,0.4625,0.42857142857142855,0.4622132253711201,0.47919847328244275,0.6227272727272727,0.538771350931677,0.47149643705463185,0.5271043771043771,0.5004754906198668,0.4779809665982459,0.49936708860759493,0.4949290060851927,0.49878903047917134,0.49816176470588236,0.4997738579828132,0.42000000000000004,0.5555555555555556,0.5067340067340067,0.5233766233766234,0.4230769230769231,0.5227272727272727,0.481018981018981,0.5117924528301887,0.5269360269360269,0.4444444444444444,0.5583333333333333,0.5086397873283119,0.514616935483871,0.5075,0.5087664587664588,0.4985253857640617,0.5090497737556561,0.5191176470588235,0.5005245393176427,0.5,0.5116071428571429,0.6,0.5178571428571429,0.5864864864864865,0.4964936886395512,0.5160849885908801,0.45243302351011483,0.4845679012345679,0.46875,0.5108695652173914,0.5061820652173913,0.51890756302521,0.480265367819953,0.5574712643678161,0.49895150720838793,0.55
47,0.5,0.5294117647058824,0.4862604540023895,0.4759136212624585,0.5166666666666667,0.5032467532467533,0.4879518072289157,0.5247035573122529,0.5204545454545454,0.4126984126984127,0.5404858299595142,0.48854961832061067,0.5227272727272727,0.5557065217391304,0.5291588172659514,0.5178451178451178,0.4914195556324025,0.49881507743982084,0.5799050632911392,0.5294117647058824,0.5017885088307623,0.5007352941176471,0.5073496155585708,0.52,0.475,0.47138047138047134,0.541991341991342,0.5,0.6363636363636364,0.527972027972028,0.4952587045321922,0.4932659932659933,0.3888888888888889,0.5208333333333334,0.49202481169694284,0.48286290322580644,0.4766666666666667,0.5059078309078309,0.5077215032354405,0.5859728506787331,0.5022058823529412,0.49984035759897827,0.4872685185185185,0.49776785714285715,0.43333333333333335,0.5059523809523809,0.5063063063063064,0.5217391304347826,0.5060225189840272,0.45243302351011483,0.4941845354126056,0.46269592476489024,0.5,0.5304347826086957,0.5063025210084033,0.49210614712798123,0.5114942528735632,0.5045871559633027,0.525
2,0.4738095238095238,0.4724264705882353,0.4348864994026284,0.4775747508305648,0.5384615384615384,0.4751082251082251,0.5290792800832961,0.5217391304347826,0.4973484848484849,0.5158730158730158,0.47300944669365724,0.4433206106870229,0.6136363636363636,0.515722049689441,0.5106888361045131,0.4909090909090909,0.5011022737096914,0.4946351931330472,0.40079113924050636,0.48782961460446245,0.5025896117445413,0.49485294117647055,0.5610583446404342,0.48000000000000004,0.4722222222222222,0.5134680134680135,0.42943722943722945,0.5,0.5227272727272727,0.5,0.49925841276016336,0.4941077441077441,0.4444444444444444,0.5208333333333334,0.5094151528577758,0.516633064516129,0.53,0.49760914760914765,0.4943442010950722,0.4909502262443439,0.525,0.4994754606823572,0.5,0.49910714285714286,0.6,0.48214285714285715,0.5048048048048048,0.4871435250116877,0.5025997830396888,0.5237834882449426,0.5154320987654321,0.5009404388714733,0.5012766267872775,0.5625,0.5294117647058824,0.49651494793416195,0.4942528735632184,0.5484927916120577,0.5836956521739131
13,0.5333333333333333,0.7022058823529411,0.48685782556750296,0.5789036544850499,0.5115384615384616,0.5108225108225108,0.5314591700133868,0.591897233201581,0.46325757575757576,0.47619047619047616,0.6072874493927125,0.4961832061068702,0.5170454545454546,0.5430900621118012,0.5089687935129823,0.4797979797979798,0.5145781101409181,0.5054954282515395,0.4617088607594937,0.5218052738336714,0.5010619271182651,0.5430147058823529,0.5366350067842605,0.52,0.6444444444444445,0.5585016835016835,0.506926406926407,0.6762820512820513,0.3409090909090909,0.5690309690309691,0.5112818517798093,0.531986531986532,0.41666666666666663,0.4458333333333333,0.500886132033673,0.48235887096774194,0.5358333333333334,0.5072072072072072,0.49634146341463414,0.4298642533936652,0.38235294117647056,0.49201787994891444,0.5416666666666666,0.4763392857142857,0.5,0.5067733990147784,0.5039039039039039,0.4647031323048153,0.46249953241312236,0.6175505740841991,0.5104938271604939,0.5724137931034483,0.4984315728042019,0.5531929347826087,0.6166666666666667,0.5256340275445078,0.5834154351395731,0.5106159895150721,0.663768115942029
5,0.5154761904761904,0.4797794117647059,0.48267622461170845,0.5276854928017718,0.608974358974359,0.4686147186147186,0.5844117209579057,0.6679841897233202,0.5162878787878789,0.4523809523809524,0.38933873144399456,0.4948473282442748,0.47954545454545455,0.6159743788819876,0.5308788598574822,0.48350168350168354,0.48105602144030435,0.5305467437954843,0.4587025316455696,0.4538539553752536,0.5269021536627171,0.5161764705882352,0.5914744459520579,0.54,0.6888888888888889,0.539983164983165,0.5134199134199134,0.7692307692307692,0.38636363636363635,0.5647352647352647,0.5168255203267846,0.5328282828282829,0.5555555555555556,0.5666666666666667,0.49745237040319007,0.5498991935483871,0.5308333333333333,0.5158350658350659,0.49704454952712795,0.5701357466063348,0.5279411764705882,0.5213692756796204,0.5659722222222222,0.5035714285714286,0.5833333333333334,0.4755747126436781,0.4972972972972973,0.5687237026647967,0.49524931732315863,0.63103699653727,0.5368745938921378,0.5228840125391849,0.48223665013131023,0.5546195652173913,0.6113445378151261,0.5271604938271605,0.6110016420361248,0.5576671035386632,0.682608695652174
14,0.4738095238095238,0.4522058823529412,0.5639187574671445,0.5155038759689923,0.5692307692307692,0.40367965367965364,0.45396400416480737,0.4318181818181818,0.5170454545454546,0.5357142857142857,0.5242914979757085,0.4530534351145038,0.4647727272727273,0.5173233695652174,0.5142517814726841,0.5099326599326599,0.4876588570934555,0.538225415189401,0.46946202531645564,0.5248478701825557,0.5195990759371041,0.5066176470588235,0.5232926277702397,0.56,0.46111111111111114,0.5227272727272727,0.5,0.5384615384615384,0.75,0.6192807192807193,0.5073672437269013,0.4823232323232323,0.3611111111111111,0.5208333333333334,0.5410943730615861,0.485383064516129,0.43666666666666665,0.5050762300762301,0.49837605774016924,0.5226244343891403,0.5161764705882352,0.4878443714650611,0.5335648148148148,0.5236607142857143,0.6,0.5041050903119869,0.44324324324324327,0.5009350163627864,0.5078554595443834,0.5314379442318207,0.5203378817413905,0.4836990595611285,0.5038298803618325,0.5085597826086956,0.48739495798319327,0.5157667114544844,0.5,0.5061598951507208,0.6391304347826088
22,0.5,0.4430147058823529,0.495221027479092,0.47674418604651164,0.5384615384615384,0.42857142857142855,0.4998512568793693,0.5217391304347826,0.5071969696969697,0.5714285714285714,0.5256410256410257,0.5190839694656488,0.48863636363636365,0.45962732919254656,0.4880825620443935,0.5,0.5005727500648396,0.4989270386266094,0.4772151898734177,0.5172413793103449,0.5002421939041657,0.5,0.4702623247399367,0.52,0.4722222222222222,0.5029461279461279,0.44458874458874464,0.5384615384615384,0.4545454545454546,0.5037962037962038,0.5038659793814433,0.5,0.5,0.4875,0.5067567567567568,0.484375,0.48583333333333334,0.4984060984060984,0.5015243902439024,0.5588235294117647,0.5,0.5,0.5,0.4986607142857143,0.5666666666666667,0.5112889983579639,0.4777777777777778,0.4908835904628331,0.49259342385815286,0.4971751412429379,0.5,0.5009404388714733,0.4945652173913043,0.5025815217391305,0.5588235294117647,0.46246221027880413,0.4367816091954023,0.5,0.5
25,0.5,0.5,0.502389486260454,0.5,0.5,0.5,0.5001487431206306,0.5,0.5,0.5,0.5,0.5,0.5,0.5,0.5,0.5,0.502906976744186,0.5,0.5125,0.5,0.5,0.5,0.5,0.5,0.5,0.5,0.5,0.5,0.5,0.5,0.5,0.5,0.5,0.5,0.5,0.5,0.5,0.5,0.5,0.5,0.5,0.5,0.5,0.5,0.5,0.5,0.5,0.5,0.5,0.5,0.5,0.5,0.5,0.5,0.5357142857142857,0.5,0.5,0.5,0.5
